$ clang++ -O3 -g -std=c++14 *.cpp -o main.exe
$ perf stat ./main.exe
[2,7,8,60,0,1],[56,67,41,42,43,49],[57,62,50,51,52,53],[59,71,45,46,54,58],[55,70,26,36,37,47],[48,65,27,38,39,40],[69,23,33,34,35,44],[68,5,6,18,19,30],[29,63,15,16,17,28],[61,9,10,11,12,13],[66,3,4,14,24,25],[64,20,21,22,31,32]
[2,7,8,60,0,1],[56,57,64,41,49,50],[59,71,47,48,55,58],[19,30,68,5,6,18],[40,61,36,37,38,39],[29,70,17,26,27,28],[16,25,65,4,14,15],[3,12,13,23,34,63],[24,35,43,44,45,67],[54,62,46,51,52,53],[42,69,21,31,32,33],[66,9,10,11,20,22]
[2,7,8,60,0,1],[56,57,64,41,49,50],[59,71,47,48,55,58],[19,30,68,5,6,18],[40,61,36,37,38,39],[29,63,15,16,17,28],[27,67,4,14,25,26],[3,12,13,24,35,70],[54,62,46,51,52,53],[45,65,23,34,43,44],[42,69,21,31,32,33],[66,9,10,11,20,22]
[2,7,8,60,0,1],[56,57,62,31,41,49],[9,10,11,20,22,66],[21,32,42,43,44,67],[50,51,52,53,54,61],[58,59,71,47,48,55],[33,34,35,45,46,63],[69,14,24,25,26,36],[23,68,3,4,12,13],[37,38,39,40,70,27],[15,16,17,28,65,5],[64,6,18,19,29,30]

 Performance counter stats for './main.exe':

            168.63 msec task-clock:u              #    0.998 CPUs utilized
                 0      context-switches:u        #    0.000 K/sec
                 0      cpu-migrations:u          #    0.000 K/sec
               259      page-faults:u             # 1541.667 M/sec
       427,252,878      cycles:u                  # 2543171.893 GHz
       626,351,189      instructions:u            #    1.47  insn per cycle
       193,169,368      branches:u                # 1149817666.667 M/sec
           281,242      branch-misses:u           #    0.15% of all branches

       0.169040719 seconds time elapsed

       0.169060000 seconds user
       0.000000000 seconds sys

$ ./pretty_print.py [2,7,8,60,0,1],[56,67,41,42,43,49],[57,62,50,51,52,53],[59,71,45,46,54,58],[55,70,26,36,37,47],[48,65,27,38,39,40],[69,23,33,34,35,44],[68,5,6,18,19,30],[29,63,15,16,17,28],[61,9,10,11,12,13],[66,3,4,14,24,25],[64,20,21,22,31,32]
           a
           aa
    kk  hhaa
jjjjjkiiihh
lllgkkefiih
llgggeefff
bbbgddef
bccccde
bc   dd
ajcilfkbhged
$ ./pretty_print.py [2,7,8,60,0,1],[56,57,64,41,49,50],[59,71,47,48,55,58],[19,30,68,5,6,18],[40,61,36,37,38,39],[29,70,17,26,27,28],[16,25,65,4,14,15],[3,12,13,23,34,63],[24,35,43,44,45,67],[54,62,46,51,52,53],[42,69,21,31,32,33],[66,9,10,11,20,22]
           a
           aa
    hg  ddaa
lllhhgggfdd
lklhigffffd
kkkhieeeee
bkiiijcc
bbjjjjc
bb   cc
aejhbglidkfc
$ ./pretty_print.py [2,7,8,60,0,1],[56,57,64,41,49,50],[59,71,47,48,55,58],[19,30,68,5,6,18],[40,61,36,37,38,39],[29,63,15,16,17,28],[27,67,4,14,25,26],[3,12,13,24,35,70],[54,62,46,51,52,53],[45,65,23,34,43,44],[42,69,21,31,32,33],[66,9,10,11,20,22]
           a
           aa
    hg  ddaa
lllhhgfffdd
lkljhgggffd
kkkjheeeee
bkjjjicc
bbiiiic
bb   cc
aeifbjlgdkhc
$ ./pretty_print.py [2,7,8,60,0,1],[56,57,62,31,41,49],[9,10,11,20,22,66],[21,32,42,43,44,67],[50,51,52,53,54,61],[58,59,71,47,48,55],[33,34,35,45,46,63],[69,14,24,25,26,36],[23,68,3,4,12,13],[37,38,39,40,70,27],[15,16,17,28,65,5],[64,6,18,19,29,30]
           a
           aa
    ii  klaa
ccciihkkkll
cdcihhhjkll
bdggghjjjj
bdddggff
beeeeef
bb   ff
aebglkcdihjf
